00
00
6f
00
00
00
70
00
00
70
00
00
fe
00
02
00
70
00
00
00
00
00
fe
00
00
00
00
fc
00
00
01
55
00
00
03
12
00
20
01
00
00
00
70
00
03
00
00
1e
01
00
00
00
70
01
03
00
00
1c
01
00
00
00
70
00
03
00
00
1c
00
00
00
00
70
00
03
00
00
1a
00
00
00
00
70
00
03
00
00
18
00
00
00
00
70
00
03
00
00
16
00
00
00
70
00
03
00
00
0c
70
00
00
00
ec
01
00
00
00
ee
ee
01
00
00
00
ef
00
ee
01
00
00
00
f0
00
f0
00
00
00
00
f0
00
f0
00
00
00
00
03
f0
00
f0
00
00
00
00
f2
00
f2
00
00
00
f2
00
f2
00
70
00
00
70
00
f1
70
00
00
df
70
00
00
e0
70
00
00
e2
70
00
00
e3
70
00
00
e5
70
00
00
e6
70
00
00
e8
3e
04
00
03
57
70
00
00
00
00
00
00
fe
00
00
00
00
fe
00
38
06
70
03
00
c7
05
08
70
03
00
fa
00
08
00
0c
00
0c
00
10
00
14
00
18
00
1c
00
20
70
03
00
00
31
04
2b
08
70
03
00
d4
f7
04
04
04
08
70
03
00
fb
f6
70
03
00
00
70
03
00
ce
f3
70
03
00
fb
f3
70
03
00
00
70
03
00
00
25
06
1f
0a
70
03
00
e0
ed
03
02
03
06
70
03
00
fc
ec
70
03
00
00
70
03
00
fc
ea
70
03
00
da
e7
70
03
00
00
02
04
70
03
00
fd
e6
18
04
70
03
00
e7
e3
70
03
00
00
01
04
70
03
00
fe
e2
12
04
70
03
00
ed
de
70
03
00
00
01
04
70
03
00
fe
dd
0c
04
70
03
00
f3
da
70
04
03
00
00
00
da
70
00
ff
d9
06
d6
70
03
00
f9
d5
03
00
00
c0
02
00
00
02
00
70
00
00
08
00
00
fe
00
b0
00
70
00
ff
c0
41
02
00
02
00
00
00
00
02
00
00
fe
00
00
fc
0f
00
01
00
00
fc
fd
00
00
00
f6
f7
c0
70
ff
c0
00
fe
0f
00
fb
00
04
04
04
05
03
03
03
03
03
03
03
03
01
02
57
70
00
00
00
00
00
00
fe
00
fe
00
00
00
00
68
05
5a
70
00
00
00
00
00
00
00
fe
00
fe
00
00
00
8b
69
00
00
00
00
00
00
00
00
00
00
00
00
00
5b
60
55
61
61
62
62
63
64
65
66
00
00
00
ff
03
03
02
00
00
00
78
00
00
fe
04
00
00
00
00
00
fe
00
00
00
00
fe
c0
c0
00
ff
0f
0f
fa
00
fd
01
00
00
00
00
00
00
47
00
01
7e
01
7c
00
7c
00
00
3e
00
00
00
00
00
3e
00
00
00
00
00
3e
00
00
00
00
40
00
00
00
00
00
7a
00
00
fe
c0
c0
00
ff
0f
0f
fa
00
fd
01
00
00
00
00
00
00
0f
70
01
6e
01
6c
01
6c
00
00
0e
00
00
00
00
00
0e
00
00
00
00
01
0e
00
00
00
00
0e
00
00
00
00
00
6e
00
00
fe
c0
c0
00
ff
0f
0f
fa
00
fd
01
00
00
00
00
00
00
09
60
01
5e
01
5c
01
5c
01
00
08
00
00
00
00
01
08
00
00
00
00
01
08
00
00
00
01
08
00
00
00
00
00
5e
00
00
fe
c0
c0
00
ff
0f
0f
fa
00
fd
01
00
00
00
00
00
00
03
50
01
4e
01
4c
01
4c
00
00
02
00
00
00
00
00
02
00
00
00
00
01
02
00
00
00
00
02
00
01
00
01
00
00
00
50
00
00
fe
01
00
01
01
00
00
00
00
00
01
01
00
00
00
00
00
7d
3e
01
3e
00
3c
01
3c
01
00
7c
00
00
00
00
00
7c
00
00
00
00
01
7c
00
00
00
00
7c
00
02
00
00
00
00
00
00
ff
00
00
00
46
00
00
fe
1a
00
00
00
01
00
00
19
00
ff
00
01
01
01
01
01
00
00
00
00
01
01
00
00
00
00
4d
2a
01
2a
01
28
01
00
4a
00
00
00
00
01
4c
00
00
00
00
01
4c
00
00
00
00
01
4c
00
00
00
00
4c
00
00
02
00
00
00
00
fe
00
00
00
00
fe
01
00
00
03
01
00
66
00
00
00
00
00
66
00
00
00
00
01
66
00
00
00
00
00
66
00
00
00
01
66
00
00
00
00
00
e7
05
00
00
00
00
00
fe
00
00
00
00
fe
0e
00
00
00
00
01
00
01
01
01
01
01
00
00
00
00
01
01
00
00
00
00
25
24
01
22
01
22
01
00
24
00
00
00
00
01
24
00
00
00
00
01
24
00
00
00
00
01
26
00
00
00
00
26
00
00
f3
00
00
00
00
00
00
88
00
fe
00
00
00
fc
87
00
00
00
86
88
00
d7
00
01
d6
00
01
d4
00
c4
00
01
c3
00
00
c1
00
01
c0
00
b3
00
01
b2
00
01
b1
00
01
b0
00
a3
00
01
a2
00
01
a1
00
01
a0
00
93
00
01
92
00
01
91
00
01
90
00
83
00
00
82
00
01
81
00
01
80
00
00
00
ae
af
00
00
00
9e
a0
00
00
00
82
84
00
00
00
8e
90
00
00
00
b8
b9
00
dd
00
01
dc
00
01
db
db
db
03
dd
00
da
00
00
00
00
00
00
01
da
00
00
00
00
00
01
da
00
00
00
00
00
01
da
00
00
00
00
00
da
00
00
00
cc
d9
b5
b5
03
b5
00
b4
00
00
00
00
00
00
01
b4
00
00
00
00
00
01
b4
00
00
00
00
00
01
b4
00
00
00
00
00
b2
00
b3
f3
f3
f3
03
f3
00
f2
00
00
00
00
00
00
00
f2
00
00
00
00
00
01
f0
00
00
00
00
00
f0
00
f1
f7
f9
f9
03
f9
00
f8
00
00
00
00
00
00
01
f6
00
00
00
00
00
01
f6
00
00
00
00
01
f6
00
f6
fd
fd
ff
03
ff
00
fe
00
00
00
00
00
00
00
fc
00
00
00
00
00
01
fc
00
00
00
00
00
fc
00
fc
83
85
85
03
85
00
84
00
00
00
00
00
00
00
82
00
00
00
00
00
01
82
00
00
00
00
00
82
00
82
00
00
00
00
00
00
00
98
00
00
00
00
00
01
98
00
00
00
00
00
00
98
00
00
00
00
01
98
00
98
00
00
00
00
00
00
00
c0
00
00
00
00
00
00
c0
00
00
00
00
00
c0
00
c0
b9
b9
bb
03
bb
ba
33
37
62
66
00
30
00
20
74
69
67
6f
6d
20
6e
6d
3a
00
74
67
6d
20
30
00
6c
20
20
62
6f
20
4e
4e
4e
4e
66
70
74
62
65
30
64
3a
00
3d
00
20
00
20
00
20
00
3d
00
69
76
66
74
3a
00
6f
27
62
20
00
74
72
3a
00
64
20
67
2e
00
3a
4e
37
30
00
00
00
00
00
00
00
00
00
00
00
00
00
00
00
00
00
00
00
00
00
00
00
00
00
00
00
00
00
00
00
00
00
00
00
00
00
00
00
00
00
00
00
00
00
00
00
00
00
00
00
00
00
00
00
00
00
00
00
00
00
00
00
00
00
00
00
00
00
00
00
00
00
00
00
00
00
00
00
00
00
00
00
00
00
00
00
00
00
00
00
00
00
00
00
00
00
00
00
00
00
00
00
00
00
00
00
00
00
00
00
00
00
00
00
00
00
00
00
00
00
00
00
00
00
00
00
00
00
00
00
00
00
00
00
00
00
00
00
00
00
00
00
00
00
00
00
00
00
00
00
00
00
00
00
00
00
00
00
00
00
00
00
00
00
00
00
00
00
00
00
00
00
00
00
00
00
00
00
00
00
00
00
00
00
00
00
00
00
00
00
00
00
00
00
00
00
00
00
00
00
00
00
00
00
00
00
00
00
00
00
00
00
00
00
00
00
00
00
00
00
00
00
00
00
00
00
00
00
00
00
00
00
00
00
00
00
00
00
00
00
00
00
00
00
00
00
00
00
00
00
00
00
00
00
00
00
00
00
00
00
00
00
00
00
00
00
00
00
00
00
00
00
00
00
00
00
00
00
00
00
00
00
00
00
00
00
00
00
00
00
00
00
00
00
00
00
00
00
00
00
00
00
00
00
00
00
00
00
00
00
00
00
00
00
00
00
00
00
00
00
00
00
00
00
00
00
00
00
00
00
00
00
00
00
00
00
00
00
00
00
00
00
00
00
00
00
00
00
00
00
00
00
00
00
00
00
00
00
00
00
00
00
00
00
00
00
00
00
00
00
00
00
00
00
00
00
00
00
00
00
00
00
00
00
00
00
00
00
00
00
00
00
00
00
00
00
00
00
00
00
00
00
00
00
00
00
00
00
00
00
00
00
00
00
00
00
00
00
00
00
00
00
00
00
00
00
00
00
00
00
00
00
00
00
00
00
00
00
00
00
00
00
00
00
00
00
00
00
00
00
00
00
00
00
00
00
00
00
00
00
00
00
00
00
00
00
00
00
00
00
00
00
00
00
00
00
00
00
00
00
00
00
00
00
00
00
00
00
00
00
00
00
00
00
00
00
00
00
00
00
00
00
00
00
00
00
00
00
00
00
00
00
00
00
00
00
00
00
00
00
00
00
00
00
00
00
00
00
00
00
00
00
00
00
00
00
00
00
00
00
00
00
00
00
00
00
00
00
00
00
00
00
00
00
00
00
00
00
00
00
00
00
00
00
00
00
00
00
00
00
00
00
00
00
00
00
00
00
00
00
00
00
00
00
00
00
00
00
00
00
00
00
00
00
00
00
00
00
00
00
00
00
00
00
00
00
00
00
00
00
00
00
00
00
00
00
00
00
00
00
00
00
00
00
00
00
00
00
00
00
00
00
00
00
00
00
00
00
00
00
00
00
00
00
00
00
00
00
00
00
00
00
00
00
00
00
00
00
00
00
00
00
00
00
00
00
00
00
00
00
00
00
00
00
00
00
00
00
00
00
00
00
00
00
00
00
00
00
00
00
00
00
00
00
00
00
00
00
00
00
00
00
00
00
00
00
00
00
00
00
00
00
00
00
00
00
00
00
00
00
00
00
00
00
00
00
00
00
00
00
00
00
00
00
00
00
00
00
00
00
00
00
00
00
00
00
00
00
00
00
00
00
00
00
00
00
00
00
00
00
00
00
00
00
00
00
00
00
00
00
00
00
00
00
00
00
00
00
00
00
00
00
00
00
00
00
00
00
00
00
00
00
00
00
00
00
00
00
00
00
00
00
00
00
00
00
00
00
00
00
00
00
00
00
00
00
00
00
00
00
00
00
00
00
00
00
00
00
00
00
00
00
00
00
00
00
00
00
00
00
00
00
00
00
00
00
00
00
00
00
00
00
00
00
00
00
00
00
00
00
00
00
00
00
00
00
00
00
00
00
00
00
00
00
00
00
00
00
00
00
00
00
00
00
00
00
00
00
00
00
00
00
00
00
00
00
00
00
00
00
00
00
00
00
00
00
00
00
00
00
00
00
00
00
00
00
00
00
00
00
00
00
00
00
00
00
00
00
00
00
00
00
00
00
00
00
00
00
00
00
00
00
00
00
00
00
00
00
00
00
00
00
00
00
00
00
00
00
00
00
00
00
00
00
00
00
00
00
00
00
00
00
00
00
00
00
00
00
00
00
00
00
00
00
00
00
00
00
00
00
00
00
00
00
00
00
00
00
00
00
00
00
00
00
00
00
00
00
00
00
00
00
00
00
00
00
00
00
00
00
00
00
00
00
00
00
00
00
00
00
00
00
00
00
00
00
00
00
00
00
00
00
00
00
00
00
00
00
00
00
00
00
00
00
00
00
00
00
00
00
00
00
00
00
00
00
00
00
00
00
00
00
00
00
00
00
00
00
00
00
00
00
00
00
00
00
00
00
00
00
00
00
00
00
00
00
00
00
00
00
00
00
00
00
00
00
00
00
00
00
00
00
00
00
00
00
00
00
00
00
00
00
00
00
00
00
00
00
00
00
00
00
00
00
00
00
00
00
00
00
00
00
00
00
00
00
00
00
00
00
00
00
00
00
00
00
00
00
00
00
00
00
00
00
00
00
00
00
00
00
00
00
00
00
00
00
00
00
00
00
00
00
00
00
00
00
00
00
00
00
00
00
00
00
00
00
00
00
00
00
00
00
00
00
00
00
00
00
00
00
00
00
00
00
00
00
00
00
00
00
00
00
00
00
00
00
00
00
00
00
00
00
00
00
00
00
00
00
00
00
00
00
00
00
00
00
00
00
00
00
00
00
00
00
00
00
00
00
00
00
00
00
00
00
00
00
00
00
00
00
00
00
00
00
00
00
00
00
00
00
00
00
00
00
00
00
00
00
00
00
00
00
00
00
00
00
00
00
00
00
00
00
00
00
00
00
00
00
00
00
00
00
00
00
00
00
00
00
00
00
00
00
00
00
00
00
00
00
00
00
00
00
00
00
00
00
00
00
00
00
00
00
00
00
00
00
00
00
00
00
00
00
00
00
00
00
00
00
00
00
00
00
00
00
00
00
00
00
00
00
00
00
00
00
00
00
00
00
00
00
00
00
00
00
00
00
00
00
00
00
00
00
00
00
00
00
00
00
00
00
00
00
00
00
00
00
00
00
00
00
00
00
00
00
00
00
00
00
00
00
00
00
00
00
00
00
00
00
00
00
00
00
00
00
00
00
00
00
00
00
00
00
00
00
00
00
00
00
00
00
00
00
00
00
00
00
00
00
00
00
00
00
00
00
00
00
00
00
00
00
00
00
00
00
00
00
00
00
00
00
00
00
00
00
00
00
00
00
00
00
00
00
00
00
00
00
00
00
00
00
00
00
00
00
00
00
00
00
00
00
00
00
00
00
00
00
00
00
00
00
00
00
00
00
00
00
00
00
00
00
00
00
00
00
00
00
00
00
00
00
00
00
00
00
00
00
00
00
00
00
00
00
00
00
00
00
00
00
00
00
00
00
00
00
00
00
00
00
00
00
00
00
00
00
00
00
00
00
00
00
00
00
00
00
00
00
00
00
00
00
00
00
00
00
00
00
00
00
00
00
00
00
00
00
00
00
00
00
00
00
00
00
00
00
00
00
00
00
00
00
00
00
00
00
00
00
00
00
00
00
00
00
00
00
00
00
00
00
00
00
00
00
00
00
00
00
00
00
00
00
00
00
00
00
00
00
00
00
00
00
00
00
00
00
00
00
00
00
00
00
00
00
00
00
00
00
00
00
00
00
00
00
00
00
00
00
00
00
00
00
00
00
00
00
00
00
00
00
00
00
00
00
00
00
00
00
00
00
00
00
00
00
00
00
00
00
00
00
00
00
00
00
00
00
00
00
00
00
00
00
00
00
00
00
00
00
00
00
00
00
00
00
00
00
00
00
00
00
00
00
00
00
00
00
00
00
00
00
00
00
00
00
00
00
00
00
00
00
00
00
00
00
00
00
00
00
00
00
00
00
00
00
00
00
00
00
00
00
00
00
00
00
00
00
00
00
00
00
00
00
00
00
00
00
00
00
00
00
00
00
00
00
00
00
00
00
00
00
00
00
00
00
00
00
00
00
00
00
00
00
00
00
00
00
00
00
00
00
00
00
00
00
00
00
00
00
00
00
00
00
00
00
00
00
00
00
00
00
00
00
00
00
00
00
00
00
00
00
00
00
00
00
00
00
00
00
00
00
00
00
00
00
00
00
00
00
00
00
00
00
00
00
00
00
00
00
00
00
00
00
00
00
00
00
00
00
00
00
00
00
00
00
00
00
00
00
00
00
00
00
00
00
00
00
00
00
00
00
00
00
00
00
00
00
00
00
00
00
00
00
00
00
00
00
00
00
00
00
00
00
00
00
00
00
00
00
00
00
00
00
00
00
00
00
00
00
00
00
00
00
00
00
00
00
00
00
00
00
00
00
00
00
00
00
00
00
00
00
00
00
00
00
00
00
00
00
00
00
00
00
00
00
00
00
00
00
00
00
00
00
00
00
00
00
00
00
00
00
00
00
00
00
00
00
00
00
00
00
00
00
00
00
00
00
00
00
00
00
00
00
00
00
00
00
00
00
00
00
00
00
00
00
00
00
00
00
00
00
00
00
00
00
00
00
00
00
00
00
00
00
00
00
00
00
00
00
00
00
00
00
00
00
00
00
00
00
00
00
00
00
00
00
00
00
00
00
00
00
00
00
00
00
00
00
00
00
00
00
00
00
00
00
00
00
00
00
00
00
00
00
00
00
00
00
00
00
00
00
00
00
00
00
00
00
00
00
00
00
00
00
00
00
00
00
00
00
00
00
00
00
00
00
00
00
00
00
00
00
00
00
00
00
00
00
00
00
00
00
00
00
00
00
00
00
00
00
00
00
00
00
00
00
00
00
00
00
00
00
00
00
00
00
00
00
00
00
00
00
00
00
00
00
00
00
00
00
00
00
00
00
00
00
00
00
00
00
00
00
00
00
00
00
00
00
00
00
00
00
00
00
00
00
00
00
00
00
00
00
00
00
00
00
00
00
00
00
00
00
00
00
00
00
00
00
00
00
00
00
00
00
00
00
00
00
00
00
00
00
00
00
00
00
00
00
00
00
00
00
00
00
00
00
00
00
00
00
00
00
00
00
00
00
00
00
00
00
00
00
00
00
00
00
00
00
00
00
00
00
00
00
00
00
00
00
00
00
00
00
00
00
00
00
00
00
00
00
00
00
00
00
00
00
00
00
00
00
00
00
00
00
00
00
00
00
00
00
00
00
00
00
00
00
00
00
00
00
00
00
00
00
00
00
00
00
00
00
00
00
00
00
00
00
00
00
00
00
00
00
00
00
00
00
00
00
00
00
00
00
00
00
00
00
00
00
00
00
00
00
00
00
00
00
00
00
00
00
00
00
00
00
00
00
00
00
00
00
00
00
00
00
00
00
00
00
00
00
00
00
00
00
00
00
00
00
00
00
00
00
00
00
00
00
00
00
00
00
00
00
00
00
00
00
00
00
00
00
00
00
00
00
00
00
00
00
00
00
00
00
00
00
00
00
00
00
00
00
00
00
00
00
00
00
00
00
00
00
00
00
00
00
00
00
00
00
00
00
00
00
00
00
00
00
00
00
00
00
00
00
00
00
00
00
00
00
00
00
00
00
00
00
00
00
00
00
00
00
00
00
00
00
00
00
00
00
00
00
00
00
00
00
00
00
00
00
00
00
00
00
00
00
00
00
00
00
00
00
00
00
00
00
00
00
00
00
00
00
00
00
00
00
00
00
00
00
00
00
00
00
00
00
00
00
00
00
00
00
00
00
00
00
00
00
00
00
00
00
00
00
00
00
00
00
00
00
00
00
00
00
00
00
00
00
00
00
00
00
00
00
00
00
00
00
00
00
00
00
00
00
00
00
00
00
00
00
00
00
00
00
00
00
00
00
00
00
00
00
00
00
00
00
00
