91
01
00
00
07
08
07
a4
80
07
07
a4
f0
47
82
06
07
06
05
8a
24
47
98
80
24
24
47
9e
80
17
57
87
87
46
07
86
07
84
57
77
87
48
07
24
07
06
07
08
57
77
87
46
07
24
07
06
07
0c
57
77
87
46
07
24
07
86
07
80
57
77
87
46
07
24
07
06
07
04
57
77
87
46
07
24
07
86
07
88
57
77
87
47
06
24
06
06
06
0c
75
87
c7
06
a4
07
86
07
8e
07
24
80
07
4e
56
76
86
48
14
86
57
77
87
46
1c
07
8c
57
77
87
46
92
07
82
57
77
87
46
18
07
88
57
77
87
46
07
9c
07
8c
57
77
87
47
12
06
82
75
87
c7
98
07
88
80
07
06
24
07
24
f0
07
06
24
f0
07
06
24
f0
07
06
24
f0
07
06
24
f0
07
06
24
f0
07
06
24
f0
06
06
a4
f0
07
f4
17
07
07
06
06
05
a4
47
07
8e
98
a4
a4
47
07
96
80
07
fe
07
07
a4
05
07
f4
07
07
a4
05
07
0a
07
02
07
06
07
0e
07
06
07
06
07
06
07
16
07
07
a4
80
07
ea
07
fa
07
07
a4
05
f0
07
e2
07
fa
07
07
a4
05
f0
07
07
a4
80
07
07
a4
05
f0
07
07
a4
05
f0
07
07
a4
80
07
07
a4
80
07
e4
07
f0
07
07
a4
05
f0
07
e8
07
f0
07
07
a4
05
f0
07
07
a4
80
07
07
a4
05
f0
07
07
a4
05
f0
07
07
a4
80
07
72
07
07
a4
05
f0
07
f2
07
07
a4
05
f0
07
07
a4
80
07
72
07
07
a4
05
f0
07
f2
07
07
a4
05
f0
07
07
a4
80
07
74
07
07
a4
05
f0
07
f2
07
07
a4
05
f0
07
12
07
a4
80
07
70
07
24
05
f0
07
f8
07
07
a4
05
f0
07
a4
80
28
08
47
07
82
06
06
05
07
82
a4
47
98
28
88
05
06
0e
03
26
07
f8
08
04
47
07
8e
07
82
a4
47
98
08
a7
82
f5
80
a4
a4
47
96
f0
a4
a4
47
96
f0
27
07
07
26
25
0c
75
80
01
17
26
24
22
20
2e
2c
2a
28
26
24
22
20
2e
07
87
06
05
06
a4
c7
87
08
18
a4
f0
97
87
14
17
2c
06
07
06
05
07
24
46
0c
07
88
96
24
f0
95
05
05
f0
22
1b
1b
87
16
1a
1a
19
19
14
13
14
10
26
0b
8b
86
8a
0a
89
09
84
83
04
80
07
03
07
0e
0f
0e
0f
06
05
85
00
a0
c6
18
06
85
a0
c6
85
0e
18
a0
a0
c6
85
16
26
26
a6
0c
75
76
88
e4
88
56
86
4c
08
05
05
06
0a
00
a0
86
a0
0c
a0
84
a0
05
08
56
76
86
45
a0
0c
56
76
86
45
a0
8e
76
86
46
a0
00
a0
18
06
85
85
0a
a0
c6
18
26
26
a6
0c
75
76
85
e4
85
56
86
4c
8c
88
85
86
86
80
a0
06
a0
8c
a0
84
a0
05
00
56
76
86
48
a0
84
56
76
86
45
a0
86
76
86
46
a0
08
a0
15
06
05
85
0a
a0
c6
18
26
26
a6
0c
78
76
85
e4
85
d6
86
4d
0c
0c
08
06
08
00
a0
86
a0
0c
a0
84
a0
08
02
d6
76
86
4c
a0
06
d6
76
86
48
a0
88
f6
86
46
a0
0a
a0
9c
06
85
85
0c
a0
c6
18
26
26
a6
0c
75
76
88
e4
88
d6
86
4d
8d
8c
85
86
8a
80
a0
06
a0
8c
a0
84
a0
05
04
d6
76
86
4c
a0
88
d6
76
86
45
a0
8a
f6
86
46
a0
0c
05
85
a0
85
06
05
05
04
a0
46
18
d6
86
dc
d8
d5
48
7c
78
75
8c
88
85
86
4c
48
4c
88
8c
a0
02
a0
08
a0
00
a0
85
82
d6
76
86
48
a0
06
d6
76
86
45
a0
08
f6
86
46
a0
0a
a0
c0
85
88
06
20
06
05
1a
06
85
05
04
a0
46
18
c6
88
8c
08
00
08
88
08
a6
08
a6
5d
8d
5d
5c
55
cd
7d
fc
75
8d
8c
85
4d
cc
45
80
8a
a0
00
a0
88
a0
0c
0c
55
75
85
4d
a0
00
55
75
85
4c
a0
82
55
75
85
45
a0
04
76
86
46
a0
06
a0
85
06
a0
46
05
0e
18
a0
a0
46
05
16
56
86
46
05
06
05
02
56
76
86
4c
a0
86
56
76
86
45
a0
08
56
76
86
4c
a0
8a
76
86
46
a0
0c
a0
a0
a0
08
88
1c
06
05
a0
46
05
0e
18
a0
a0
46
05
16
c2
26
95
88
05
a0
a6
5c
8c
5c
58
55
4c
fc
78
75
8c
88
85
cc
48
45
0c
04
a0
8a
a0
02
a0
08
08
55
75
85
4c
a0
0c
55
75
85
48
a0
0e
55
75
85
45
a0
00
76
86
46
a0
02
a0
88
9a
06
85
85
0c
a0
c6
0a
85
18
a0
a0
c6
1c
f0
a0
a0
c6
18
f0
a0
f0
a0
a0
f0
a0
a0
f0
a0
f0
a0
a0
f0
a0
a0
f0
a0
a0
f0
a0
f0
a0
a0
f0
a0
a0
f0
a0
a0
f0
a0
f0
a0
a0
f0
a0
a0
f0
a0
a0
f0
a0
f0
a0
a0
f0
a0
a0
f0
a0
a0
f0
a0
f0
a0
a0
f0
a0
a0
f0
a0
a0
f0
a0
a0
46
14
f0
a0
a0
c6
1c
f0
a0
a0
c6
1e
f0
a0
a0
c6
1e
f0
a0
a0
46
14
f0
a0
f0
a0
a0
f0
a0
a0
f0
9a
1c
08
00
08
1c
55
75
85
4c
a0
08
a0
18
55
75
85
48
a0
a0
16
55
75
85
45
a0
a0
14
76
86
46
a0
a0
12
a0
a0
88
98
f0
16
98
0c
0c
0c
18
55
75
85
4d
a0
0c
a0
14
55
75
85
4c
a0
a0
92
55
75
85
45
a0
a0
10
76
86
46
a0
a0
1e
a0
f0
90
92
94
05
88
05
14
56
76
86
48
a0
05
a0
90
56
76
86
45
a0
a0
9e
76
86
46
a0
a0
1c
a0
f0
1e
10
12
08
06
08
12
d6
76
86
4c
a0
08
a0
1e
d6
76
86
48
a0
a0
9c
f6
86
46
a0
a0
1a
a0
f0
9c
9e
90
05
84
05
10
d6
76
86
4c
a0
05
a0
9c
d6
76
86
45
a0
a0
9a
f6
86
46
a0
a0
18
a0
f0
9e
10
12
05
86
85
92
d6
76
86
48
a0
05
a0
1e
d6
76
86
45
a0
a0
1c
f6
86
46
a0
a0
1a
a0
f0
56
76
86
4c
a0
05
a0
9e
56
76
86
45
a0
a0
1c
56
76
86
4c
a0
a0
9a
76
86
46
a0
a0
18
a0
f0
56
76
86
45
a0
05
a0
18
56
76
86
45
a0
a0
96
76
86
46
a0
a0
14
a0
f0
1c
1e
10
05
10
f0
31
35
39
64
00
3d
30
2e
6e
61
69
70
72
69
61
6d
72
00
72
69
6e
65
74
00
53
63
68
75
72
20
20
2c
2c
2c
7d
72
69
20
74
6e
61
39
00
33
00
4e
20
4e
20
4e
20
4e
00
57
65
72
63
6f
00
73
6c
65
65
00
72
20
6e
00
45
6f
72
61
00
43
28
29
32
00
00
00
00
00
00
00
00
00
00
00
00
00
00
00
00
00
00
00
00
00
00
00
00
00
00
00
00
00
00
00
00
00
00
00
00
00
00
00
00
00
00
00
00
00
00
00
00
00
00
00
00
00
00
00
00
00
00
00
00
00
00
00
00
00
00
00
00
00
00
00
00
00
00
00
00
00
00
00
00
00
00
00
00
00
00
00
00
00
00
00
00
00
00
00
00
00
00
00
00
00
00
00
00
00
00
00
00
00
00
00
00
00
00
00
00
00
00
00
00
00
00
00
00
00
00
00
00
00
00
00
00
00
00
00
00
00
00
00
00
00
00
00
00
00
00
00
00
00
00
00
00
00
00
00
00
00
00
00
00
00
00
00
00
00
00
00
00
00
00
00
00
00
00
00
00
00
00
00
00
00
00
00
00
00
00
00
00
00
00
00
00
00
00
00
00
00
00
00
00
00
00
00
00
00
00
00
00
00
00
00
00
00
00
00
00
00
00
00
00
00
00
00
00
00
00
00
00
00
00
00
00
00
00
00
00
00
00
00
00
00
00
00
00
00
00
00
00
00
00
00
00
00
00
00
00
00
00
00
00
00
00
00
00
00
00
00
00
00
00
00
00
00
00
00
00
00
00
00
00
00
00
00
00
00
00
00
00
00
00
00
00
00
00
00
00
00
00
00
00
00
00
00
00
00
00
00
00
00
00
00
00
00
00
00
00
00
00
00
00
00
00
00
00
00
00
00
00
00
00
00
00
00
00
00
00
00
00
00
00
00
00
00
00
00
00
00
00
00
00
00
00
00
00
00
00
00
00
00
00
00
00
00
00
00
00
00
00
00
00
00
00
00
00
00
00
00
00
00
00
00
00
00
00
00
00
00
00
00
00
00
00
00
00
00
00
00
00
00
00
00
00
00
00
00
00
00
00
00
00
00
00
00
00
00
00
00
00
00
00
00
00
00
00
00
00
00
00
00
00
00
00
00
00
00
00
00
00
00
00
00
00
00
00
00
00
00
00
00
00
00
00
00
00
00
00
00
00
00
00
00
00
00
00
00
00
00
00
00
00
00
00
00
00
00
00
00
00
00
00
00
00
00
00
00
00
00
00
00
00
00
00
00
00
00
00
00
00
00
00
00
00
00
00
00
00
00
00
00
00
00
00
00
00
00
00
00
00
00
00
00
00
00
00
00
00
00
00
00
00
00
00
00
00
00
00
00
00
00
00
00
00
00
00
00
00
00
00
00
00
00
00
00
00
00
00
00
00
00
00
00
00
00
00
00
00
00
00
00
00
00
00
00
00
00
00
00
00
00
00
00
00
00
00
00
00
00
00
00
00
00
00
00
00
00
00
00
00
00
00
00
00
00
00
00
00
00
00
00
00
00
00
00
00
00
00
00
00
00
00
00
00
00
00
00
00
00
00
00
00
00
00
00
00
00
00
00
00
00
00
00
00
00
00
00
00
00
00
00
00
00
00
00
00
00
00
00
00
00
00
00
00
00
00
00
00
00
00
00
00
00
00
00
00
00
00
00
00
00
00
00
00
00
00
00
00
00
00
00
00
00
00
00
00
00
00
00
00
00
00
00
00
00
00
00
00
00
00
00
00
00
00
00
00
00
00
00
00
00
00
00
00
00
00
00
00
00
00
00
00
00
00
00
00
00
00
00
00
00
00
00
00
00
00
00
00
00
00
00
00
00
00
00
00
00
00
00
00
00
00
00
00
00
00
00
00
00
00
00
00
00
00
00
00
00
00
00
00
00
00
00
00
00
00
00
00
00
00
00
00
00
00
00
00
00
00
00
00
00
00
00
00
00
00
00
00
00
00
00
00
00
00
00
00
00
00
00
00
00
00
00
00
00
00
00
00
00
00
00
00
00
00
00
00
00
00
00
00
00
00
00
00
00
00
00
00
00
00
00
00
00
00
00
00
00
00
00
00
00
00
00
00
00
00
00
00
00
00
00
00
00
00
00
00
00
00
00
00
00
00
00
00
00
00
00
00
00
00
00
00
00
00
00
00
00
00
00
00
00
00
00
00
00
00
00
00
00
00
00
00
00
00
00
00
00
00
00
00
00
00
00
00
00
00
00
00
00
00
00
00
00
00
00
00
00
00
00
00
00
00
00
00
00
00
00
00
00
00
00
00
00
00
00
00
00
00
00
00
00
00
00
00
00
00
00
00
00
00
00
00
00
00
00
00
00
00
00
00
00
00
00
00
00
00
00
00
00
00
00
00
00
00
00
00
00
00
00
00
00
00
00
00
00
00
00
00
00
00
00
00
00
00
00
00
00
00
00
00
00
00
00
00
00
00
00
00
00
00
00
00
00
00
00
00
00
00
00
00
00
00
00
00
00
00
00
00
00
00
00
00
00
00
00
00
00
00
00
00
00
00
00
00
00
00
00
00
00
00
00
00
00
00
00
00
00
00
00
00
00
00
00
00
00
00
00
00
00
00
00
00
00
00
00
00
00
00
00
00
00
00
00
00
00
00
00
00
00
00
00
00
00
00
00
00
00
00
00
00
00
00
00
00
00
00
00
00
00
00
00
00
00
00
00
00
00
00
00
00
00
00
00
00
00
00
00
00
00
00
00
00
00
00
00
00
00
00
00
00
00
00
00
00
00
00
00
00
00
00
00
00
00
00
00
00
00
00
00
00
00
00
00
00
00
00
00
00
00
00
00
00
00
00
00
00
00
00
00
00
00
00
00
00
00
00
00
00
00
00
00
00
00
00
00
00
00
00
00
00
00
00
00
00
00
00
00
00
00
00
00
00
00
00
00
00
00
00
00
00
00
00
00
00
00
00
00
00
00
00
00
00
00
00
00
00
00
00
00
00
00
00
00
00
00
00
00
00
00
00
00
00
00
00
00
00
00
00
00
00
00
00
00
00
00
00
00
00
00
00
00
00
00
00
00
00
00
00
00
00
00
00
00
00
00
00
00
00
00
00
00
00
00
00
00
00
00
00
00
00
00
00
00
00
00
00
00
00
00
00
00
00
00
00
00
00
00
00
00
00
00
00
00
00
00
00
00
00
00
00
00
00
00
00
00
00
00
00
00
00
00
00
00
00
00
00
00
00
00
00
00
00
00
00
00
00
00
00
00
00
00
00
00
00
00
00
00
00
00
00
00
00
00
00
00
00
00
00
00
00
00
00
00
00
00
00
00
00
00
00
00
00
00
00
00
00
00
00
00
00
00
00
00
00
00
00
00
00
00
00
00
00
00
00
00
00
00
00
00
00
00
00
00
00
00
00
00
00
00
00
00
00
00
00
00
00
00
00
00
00
00
00
00
00
00
00
00
00
00
00
00
00
00
00
00
00
00
00
00
00
00
00
00
00
00
00
00
00
00
00
00
00
00
00
00
00
00
00
00
00
00
00
00
00
00
00
00
00
00
00
00
00
00
00
00
00
00
00
00
00
00
00
00
00
00
00
00
00
00
00
00
00
00
00
00
00
00
00
00
00
00
00
00
00
00
00
00
00
00
00
00
00
00
00
00
00
00
00
00
00
00
00
00
00
00
00
00
00
00
00
00
00
00
00
00
00
00
00
00
00
00
00
00
00
00
00
00
00
00
00
00
00
00
00
00
00
00
00
00
00
00
00
00
00
00
00
00
00
00
00
00
00
00
00
00
00
00
00
00
00
00
00
00
00
00
00
00
00
00
00
00
00
00
00
00
00
00
00
00
00
00
00
00
00
00
00
00
00
00
00
00
00
00
00
00
00
00
00
00
00
00
00
00
00
00
00
00
00
00
00
00
00
00
00
00
00
00
00
00
00
00
00
00
00
00
00
00
00
00
00
00
00
00
00
00
00
00
00
00
00
00
00
00
00
00
00
00
00
00
00
00
00
00
00
00
00
00
00
00
00
00
00
00
00
00
00
00
00
00
00
00
00
00
00
00
00
00
00
00
00
00
00
00
00
00
00
00
00
00
00
00
00
00
00
00
00
00
00
00
00
00
00
00
00
00
00
00
00
00
00
00
00
00
00
00
00
00
00
00
00
00
00
00
00
00
00
00
00
00
00
00
00
00
00
00
00
00
00
00
00
00
00
00
00
00
00
00
00
00
00
00
00
00
00
00
00
00
00
00
00
00
00
00
00
00
00
00
00
00
00
00
00
00
00
00
00
00
00
00
00
00
00
00
00
00
00
00
00
00
00
00
00
00
00
00
00
00
00
00
00
00
00
00
00
00
00
00
00
00
00
00
00
00
00
00
00
00
00
00
00
00
00
00
00
00
00
00
00
00
00
00
00
00
00
00
00
00
00
00
00
00
00
00
00
00
00
00
00
00
00
00
00
00
00
00
00
00
00
00
00
00
00
00
00
00
00
00
00
00
00
00
00
00
00
00
00
00
00
00
00
00
00
00
00
00
00
00
00
00
00
00
00
00
00
00
00
00
00
00
00
00
00
00
00
00
00
00
00
00
00
00
00
00
00
00
00
00
00
00
00
00
00
00
00
00
00
00
00
00
00
00
00
00
00
00
00
00
00
00
00
00
00
00
00
00
00
00
00
00
00
00
00
00
00
00
00
00
00
00
00
00
00
00
00
00
00
00
00
00
00
00
00
00
00
00
00
00
00
00
00
00
00
00
00
00
00
00
00
00
00
00
00
00
00
00
00
00
00
00
00
00
00
00
00
00
00
00
00
00
00
00
00
00
00
00
00
00
00
00
00
00
00
00
00
00
00
00
00
00
00
00
00
00
00
00
00
00
00
00
00
00
00
00
00
00
00
00
00
00
00
00
00
00
00
00
00
00
00
00
00
00
00
00
00
00
00
00
00
00
00
00
00
00
00
00
00
00
00
00
00
00
00
00
00
00
00
00
00
00
00
00
00
00
00
00
00
00
00
00
00
00
00
00
00
00
00
00
00
00
00
00
00
00
00
00
00
00
00
00
00
00
00
00
00
00
00
00
00
00
00
00
00
00
00
00
00
00
00
00
00
00
00
00
00
00
00
00
00
00
00
00
00
00
00
00
00
00
00
00
00
00
00
00
00
00
00
00
00
00
00
00
00
00
00
00
00
00
00
00
00
00
00
00
00
00
00
00
00
00
00
00
00
00
00
00
00
00
00
00
00
00
00
00
00
00
00
00
00
00
00
00
00
00
00
00
00
00
00
00
00
00
00
00
00
00
00
00
00
00
00
00
00
00
00
00
00
00
00
00
00
00
00
00
00
00
00
00
00
00
00
00
00
00
00
00
00
00
00
00
00
00
00
00
00
00
00
00
00
00
00
00
00
00
00
00
00
00
00
00
00
00
00
00
00
00
00
00
00
00
00
00
00
00
00
00
00
00
00
00
00
00
00
00
00
00
00
00
00
00
00
00
00
00
00
00
00
00
00
00
00
00
00
00
00
00
00
00
00
00
00
00
00
00
00
00
00
00
00
00
00
00
00
00
00
00
00
00
00
00
00
00
00
00
00
00
00
00
00
00
00
00
00
00
00
00
00
00
00
00
00
00
00
00
00
00
00
00
00
00
00
00
00
00
00
00
00
00
00
00
00
00
00
00
00
00
00
00
00
00
00
00
00
00
00
00
00
00
00
00
00
00
00
00
00
00
00
00
00
00
00
00
00
00
00
00
00
00
00
00
00
00
00
00
00
00
00
00
00
00
00
00
00
00
00
00
00
00
00
00
00
00
00
00
00
00
00
00
00
00
00
00
00
00
00
00
00
00
00
00
00
00
00
00
00
00
00
00
00
00
00
00
00
00
00
00
00
00
00
00
00
00
00
00
00
00
00
00
00
00
00
00
00
00
00
00
00
00
00
00
00
00
00
00
00
00
00
00
00
00
00
00
00
00
00
00
00
00
00
00
00
00
00
00
00
00
00
00
00
00
00
00
00
00
00
00
00
00
00
00
00
00
00
00
00
00
00
00
00
00
00
00
00
00
00
00
00
00
00
00
00
00
00
00
00
00
00
00
00
00
00
00
00
00
00
00
00
00
00
00
00
00
00
00
00
